-3.444610014984344275e+02
-3.055202972799087320e+02
-2.999568004245439852e+02
-3.036037776019392709e+02
-3.044092281554832198e+02
-3.148509195834710113e+02
-3.171452230110689925e+02
-2.917253799317623475e+02
-2.922571345355203221e+02
-3.105924822715930418e+02
-3.037692592135083487e+02
-2.799975290257875145e+02
-3.024832932877228018e+02
-2.787105089371241888e+02
-2.835430205199581906e+02
-2.935589198729964551e+02
-3.095910000341582986e+02
-2.974498820935282311e+02
-2.910109458661958683e+02
-2.890910961568558832e+02
